%% ルンゲクッタのパラメータ
ParamRK.a2 = 0.2;
ParamRK.a3 = 0.3;
ParamRK.a4 = 0.6;
ParamRK.a5 = 1.0;
ParamRK.a6 = 0.875;
ParamRK.b21 = 0.2;
ParamRK.b31 = 3/40;
ParamRK.b32 = 9/40;
ParamRK.b41 = 0.3;
ParamRK.b42 = -0.9;
ParamRK.b43 = 1.2;
ParamRK.b51 = -11/54;
ParamRK.b52 = 2.5;
ParamRK.b53 = -70/27;
ParamRK.b54 = 35/27;
ParamRK.b61 = 1631/55296;
ParamRK.b62 = 175/512;
ParamRK.b63 = 575/13824;
ParamRK.b64 = 44275/110592;
ParamRK.b65 = 253/4096;
ParamRK.c1 = 37/378;
ParamRK.c3 = 250/621;
ParamRK.c4 = 125/594;
ParamRK.c6 = 512/1771;
ParamRK.dc1 = ParamRK.c1 - 2825/27648;
ParamRK.dc3 = ParamRK.c3 - 18575/48384;
ParamRK.dc4 = ParamRK.c4 - 13525/55296;
ParamRK.dc5 = -277/14336;
ParamRK.dc6 = ParamRK.c6 - 0.25;