topo/adem_trim.txt
ncols       160
nrows       400
xllcorner          137.8995833
yllcorner           34.6995833
cellsize             0.00250
NODATA_value       -999.9000
[rows 116 to 144 of 400, columns 65 to 129 of 160]
-999.9000 -999.9000 -999.9000 -999.9000 -999.9000 -999.9000 -999.9000 -999.9000 -999.9000 -999.9000 -999.9000 -999.9000 -999.9000 -999.9000 -999.9000 -999.9000 -999.9000 -999.9000 -999.9000 -999.9000 -999.9000 -999.9000 -999.9000 -999.9000 -999.9000 -999.9000 -999.9000 -999.9000 -999.9000 -999.9000 2314.86 2278.48 2265.8 2255.12 2216.96 2274.02 2283.06 2385.56 2390.98 2315.62 2187.76 2044.2 1931.66 1853.5 1692.28 1530.34 1425.86 1317.68 1267.68 1284.6 1201.34 1201.34 1216.48 1274.82 1336.4 1268.58 1206.1 1082.99 1197.18 1275.98 1319.64 1446.74 1461.06 1537.9 1676.48
-999.9000 -999.9000 -999.9000 -999.9000 -999.9000 -999.9000 -999.9000 -999.9000 -999.9000 -999.9000 -999.9000 -999.9000 -999.9000 -999.9000 -999.9000 -999.9000 -999.9000 -999.9000 -999.9000 -999.9000 -999.9000 -999.9000 -999.9000 -999.9000 -999.9000 -999.9000 -999.9000 -999.9000 -999.9000 -999.9000 -999.9000 -999.9000 -999.9000 2328.96 2280.8 2381.84 2409.44 2443.5 2446.52 2303.8 2131.06 1943.6 1806.62 1698.1 1598.58 1555.76 1468.14 1339.04 1239.78 1208.48 1254.96 1381.98 1422.36 1481.44 1523.68 1410.28 1184.12 1066.68 1116.42 1292.5 1431.22 1401.1 1465.34 1461.06 1602.04
-999.9000 -999.9000 -999.9000 -999.9000 -999.9000 -999.9000 -999.9000 -999.9000 -999.9000 -999.9000 -999.9000 -999.9000 -999.9000 -999.9000 -999.9000 -999.9000 -999.9000 -999.9000 -999.9000 -999.9000 -999.9000 -999.9000 -999.9000 -999.9000 -999.9000 -999.9000 -999.9000 -999.9000 -999.9000 -999.9000 -999.9000 -999.9000 -999.9000 -999.9000 2381.76 2425.98 2536.74 2570.94 2439.36 2288.42 2177.44 2067.8 1949.88 1826.58 1753.16 1612.8 1458.82 1433.02 1370.94 1324.56 1325.94 1478.3 1604.38 1682.64 1643.88 1471.46 1305.54 1148.62 1066.68 1263.78 1416.9 1547.94 1650.52 1548.88 1519.96
-999.9000 -999.9000 -999.9000 -999.9000 -999.9000 -999.9000 -999.9000 -999.9000 -999.9000 -999.9000 -999.9000 -999.9000 -999.9000 -999.9000 -999.9000 -999.9000 -999.9000 -999.9000 -999.9000 -999.9000 -999.9000 -999.9000 -999.9000 -999.9000 -999.9000 -999.9000 -999.9000 -999.9000 -999.9000 -999.9000 -999.9000 -999.9000 -999.9000 -999.9000 -999.9000 2514.24 2604.0 2629.02 2494.14 2408.74 2280.34 2129.48 2026.14 1958.44 1806.58 1667.06 1650.5 1570.98 1434.64 1375.0 1420.42 1561.94 1702.54 1779.26 1624.72 1440.52 1251.62 1094.08 1062.78 1172.9 1343.3 1503.3 1659.48 1745.28 1747.14
-999.9000 -999.9000 -999.9000 -999.9000 -999.9000 -999.9000 -999.9000 -999.9000 -999.9000 -999.9000 -999.9000 -999.9000 -999.9000 -999.9000 -999.9000 -999.9000 -999.9000 -999.9000 -999.9000 -999.9000 -999.9000 -999.9000 -999.9000 -999.9000 -999.9000 -999.9000 -999.9000 -999.9000 -999.9000 -999.9000 -999.9000 -999.9000 -999.9000 -999.9000 -999.9000 -999.9000 2679.0 2551.18 2403.68 2285.06 2260.78 2142.52 1973.68 1839.78 1756.46 1742.66 1622.62 1516.06 1441.04 1547.8 1564.1 1687.6 1824.26 1865.9 1714.34 1538.56 1377.28 1201.34 1052.46 1096.18 1228.82 1391.66 1581.18 1763.18 1879.8
-999.9000 -999.9000 -999.9000 -999.9000 -999.9000 -999.9000 -999.9000 -999.9000 -999.9000 -999.9000 -999.9000 -999.9000 -999.9000 -999.9000 -999.9000 -999.9000 -999.9000 -999.9000 -999.9000 -999.9000 -999.9000 -999.9000 -999.9000 -999.9000 -999.9000 -999.9000 -999.9000 -999.9000 -999.9000 -999.9000 -999.9000 -999.9000 -999.9000 -999.9000 -999.9000 -999.9000 2641.2 2492.3 2341.46 2177.0 2074.22 2016.94 1948.82 1912.46 1765.06 1646.66 1567.02 1553.62 1604.5 1651.18 1739.78 1840.86 1959.94 1871.94 1695.08 1556.36 1356.16 1158.32 1043.52 1110.08 1244.56 1348.62 1460.7 1598.06 1781.16
-999.9000 -999.9000 -999.9000 -999.9000 -999.9000 -999.9000 -999.9000 -999.9000 -999.9000 -999.9000 -999.9000 -999.9000 -999.9000 -999.9000 -999.9000 -999.9000 -999.9000 -999.9000 -999.9000 -999.9000 -999.9000 -999.9000 -999.9000 -999.9000 -999.9000 -999.9000 -999.9000 -999.9000 -999.9000 -999.9000 -999.9000 -999.9000 -999.9000 -999.9000 -999.9000 -999.9000 2645.875 2507.8 2369.38 2261.12 2187.58 2139.78 2142.0 1995.02 1873.64 1749.44 1706.46 1737.46 1794.82 1844.94 1946.12 2002.66 1958.74 1786.34 1571.5 1432.4 1329.54 1274.3 1123.02 1043.52 1124.16 1270.26 1423.06 1565.44 1735.46
-999.9000 -999.9000 -999.9000 -999.9000 -999.9000 -999.9000 -999.9000 -999.9000 -999.9000 -999.9000 -999.9000 -999.9000 -999.9000 -999.9000 -999.9000 -999.9000 -999.9000 -999.9000 -999.9000 -999.9000 -999.9000 -999.9000 -999.9000 -999.9000 -999.9000 -999.9000 -999.9000 -999.9000 -999.9000 -999.9000 -999.9000 -999.9000 -999.9000 -999.9000 -999.9000 -999.9000 2738.275 2650.76 2523.46 2398.42 2331.38 2336.86 2206.54 2042.66 1924.7 1901.98 1918.4 1935.86 1961.62 2050.62 2118.38 2145.2 2008.5 1868.24 1702.16 1572.78 1486.62 1303.16 1123.92 1035.58 1130.92 1285.6 1432.44 1572.28 1645.98
-999.9000 -999.9000 -999.9000 -999.9000 -999.9000 -999.9000 -999.9000 -999.9000 -999.9000 -999.9000 -999.9000 -999.9000 -999.9000 -999.9000 -999.9000 -999.9000 -999.9000 -999.9000 -999.9000 -999.9000 -999.9000 -999.9000 -999.9000 -999.9000 -999.9000 -999.9000 -999.9000 -999.9000 -999.9000 -999.9000 -999.9000 -999.9000 -999.9000 -999.9000 -999.9000 2709.02 2709.68 2679.88 2629.96 2532.4 2508.92 2408.92 2234.96 2107.78 2106.72 2097.44 2131.52 2129.94 2204.14 2251.28 2237.14 2117.94 1987.38 1842.68 1634.38 1471.04 1331.0 1208.1 1104.0 1021.24 1182.44 1331.12 1385.96 1402.96 1460.14
-999.9000 -999.9000 -999.9000 -999.9000 -999.9000 -999.9000 -999.9000 -999.9000 -999.9000 -999.9000 -999.9000 -999.9000 -999.9000 -999.9000 -999.9000 -999.9000 -999.9000 -999.9000 -999.9000 -999.9000 -999.9000 -999.9000 -999.9000 -999.9000 -999.9000 -999.9000 -999.9000 -999.9000 -999.9000 -999.9000 -999.9000 -999.9000 -999.9000 -999.9000 2563.8 2532.8 2509.8 2483.04 2545.08 2581.02 2476.84 2359.36 2303.42 2237.64 2275.18 2294.64 2302.36 2286.4 2298.2 2286.86 2114.86 1909.06 1782.5 1693.34 1608.32 1515.1 1400.92 1213.2 1021.24 1044.08 1133.58 1208.32 1309.72 1444.84 1605.78
-999.9000 -999.9000 -999.9000 -999.9000 -999.9000 -999.9000 -999.9000 -999.9000 -999.9000 -999.9000 -999.9000 -999.9000 -999.9000 -999.9000 -999.9000 -999.9000 -999.9000 -999.9000 -999.9000 -999.9000 -999.9000 -999.9000 -999.9000 -999.9000 -999.9000 -999.9000 -999.9000 -999.9000 -999.9000 -999.9000 -999.9000 -999.9000 -999.9000 -999.9000 2446.0 2332.32 2323.68 2339.78 2437.74 2386.54 2339.76 2214.72 2155.82 2179.14 2353.9 2357.36 2207.9 2074.22 2063.6 2035.46 2005.66 1804.5 1624.64 1487.48 1451.56 1505.6 1327.86 1153.04 1018.4 1096.04 1241.58 1367.1 1500.46 1638.76 1696.9
-999.9000 -999.9000 -999.9000 -999.9000 -999.9000 -999.9000 -999.9000 -999.9000 -999.9000 -999.9000 -999.9000 -999.9000 -999.9000 -999.9000 -999.9000 -999.9000 -999.9000 -999.9000 -999.9000 -999.9000 -999.9000 -999.9000 -999.9000 -999.9000 -999.9000 -999.9000 -999.9000 -999.9000 -999.9000 -999.9000 -999.9000 -999.9000 -999.9000 2464.2 2362.28 2226.34 2155.96 2291.92 2353.28 2227.12 2136.18 2100.84 1983.54 2082.3 2248.26 2322.84 2141.58 1992.1 1849.34 1805.86 1882.42 1856.12 1680.04 1502.92 1338.3 1327.56 1282.02 1116.36 1018.39 1146.12 1319.86 1493.8 1635.0 1808.82 1885.12
-999.9000 -999.9000 -999.9000 -999.9000 -999.9000 -999.9000 -999.9000 -999.9000 -999.9000 -999.9000 -999.9000 -999.9000 -999.9000 -999.9000 -999.9000 -999.9000 -999.9000 -999.9000 -999.9000 -999.9000 -999.9000 -999.9000 -999.9000 -999.9000 -999.9000 -999.9000 -999.9000 -999.9000 -999.9000 -999.9000 -999.9000 -999.9000 -999.9000 2453.76 2280.56 2137.72 2050.62 2127.36 2163.82 2090.06 1996.42 1902.08 1871.72 2018.64 2193.42 2217.66 2027.3 1859.12 1692.6 1628.16 1752.16 1818.66 1694.42 1530.16 1381.64 1213.48 1157.9 1018.39 1062.8 1145.72 1271.28 1430.48 1581.68 1773.62 1861.16
-999.9000 -999.9000 -999.9000 -999.9000 -999.9000 -999.9000 -999.9000 -999.9000 -999.9000 -999.9000 -999.9000 -999.9000 -999.9000 -999.9000 -999.9000 -999.9000 -999.9000 -999.9000 -999.9000 -999.9000 -999.9000 -999.9000 -999.9000 -999.9000 -999.9000 -999.9000 -999.9000 -999.9000 -999.9000 -999.9000 -999.9000 -999.9000 -999.9000 2435.48 2306.94 2184.42 1991.4 1912.22 1960.06 1951.82 1838.82 1770.18 1841.92 2010.76 2177.0 2182.34 2018.22 1849.6 1699.46 1484.32 1518.18 1544.56 1519.92 1540.82 1424.64 1258.04 1115.8 1011.58 1103.62 1289.92 1380.78 1499.76 1659.42 1751.04 1830.88
-999.9000 -999.9000 -999.9000 -999.9000 -999.9000 -999.9000 -999.9000 -999.9000 -999.9000 -999.9000 -999.9000 -999.9000 -999.9000 -999.9000 -999.9000 -999.9000 -999.9000 -999.9000 -999.9000 -999.9000 -999.9000 -999.9000 -999.9000 -999.9000 -999.9000 -999.9000 -999.9000 -999.9000 -999.9000 -999.9000 -999.9000 -999.9000 2481.34 2408.4 2290.34 2140.64 2002.92 1862.88 1777.84 1782.8 1697.12 1727.96 1893.42 2017.62 2147.54 2114.58 1987.76 1895.04 1722.28 1509.84 1287.64 1283.98 1337.52 1387.44 1328.9 1220.24 1011.58 1052.36 1128.08 1285.3 1421.76 1577.62 1722.9 1866.86 1966.92
-999.9000 -999.9000 -999.9000 -999.9000 -999.9000 -999.9000 -999.9000 -999.9000 -999.9000 -999.9000 -999.9000 -999.9000 -999.9000 -999.9000 -999.9000 -999.9000 -999.9000 -999.9000 -999.9000 -999.9000 -999.9000 -999.9000 -999.9000 -999.9000 -999.9000 -999.9000 -999.9000 -999.9000 -999.9000 -999.9000 -999.9000 -999.9000 2488.48 2378.38 2230.04 2122.2 2039.14 1877.88 1684.7 1587.66 1585.0 1704.44 1786.34 1939.78 2070.14 1974.88 1840.76 1716.7 1596.1 1503.86 1328.66 1148.0 1205.18 1190.9 1057.34 1040.6 990.86 1096.68 1295.56 1384.64 1422.16 1606.14 1796.88 1953.64 2107.28
-999.9000 -999.9000 -999.9000 -999.9000 -999.9000 -999.9000 -999.9000 -999.9000 -999.9000 -999.9000 -999.9000 -999.9000 -999.9000 -999.9000 -999.9000 -999.9000 -999.9000 -999.9000 -999.9000 -999.9000 -999.9000 -999.9000 -999.9000 -999.9000 -999.9000 -999.9000 -999.9000 -999.9000 -999.9000 -999.9000 -999.9000 2549.9 2511.88 2370.18 2226.34 2060.72 1897.54 1829.44 1680.0 1558.14 1511.06 1563.38 1745.3 1885.82 1981.2 1949.0 1795.42 1629.62 1459.46 1315.94 1264.36 1142.98 1032.16 1079.54 984.14 990.86 990.86 1177.3 1357.38 1524.9 1610.68 1635.74 1807.3 2000.02 2183.3
-999.9000 -999.9000 -999.9000 -999.9000 -999.9000 -999.9000 -999.9000 -999.9000 -999.9000 -999.9000 -999.9000 -999.9000 -999.9000 -999.9000 -999.9000 -999.9000 -999.9000 -999.9000 -999.9000 -999.9000 -999.9000 -999.9000 -999.9000 2272.42 2275.96 2369.62 -999.9000 -999.9000 2467.1 2446.5 2369.3 2427.1 2406.44 2279.92 2139.24 2010.94 1878.94 1743.96 1652.24 1567.58 1516.24 1434.36 1607.62 1715.7 1823.46 1804.56 1673.02 1541.2 1400.88 1274.8 1109.92 1007.34 963.68 983.28 993.6 1123.96 1274.96 1350.0 1457.42 1613.18 1743.76 1818.5 1831.26 1995.42 2163.44
-999.9000 -999.9000 -999.9000 -999.9000 -999.9000 -999.9000 -999.9000 -999.9000 -999.9000 -999.9000 -999.9000 -999.9000 -999.9000 -999.9000 -999.9000 -999.9000 -999.9000 -999.9000 -999.9000 -999.9000 -999.9000 2233.42 2148.4 2154.06 2259.38 2391.22 2471.32 2394.66 2308.82 2291.66 2194.3 2232.76 2252.6 2250.72 2153.68 2010.94 1907.62 1757.84 1633.9 1614.64 1512.76 1337.5 1434.66 1572.82 1683.36 1647.2 1558.56 1413.52 1264.34 1122.66 1010.12 959.62 1026.8 1167.24 1173.56 1204.9 1336.96 1509.78 1587.4 1688.62 1816.44 1967.66 1997.06 2095.02 2130.8
-999.9000 -999.9000 -999.9000 -999.9000 -999.9000 -999.9000 -999.9000 -999.9000 -999.9000 -999.9000 -999.9000 -999.9000 -999.9000 -999.9000 -999.9000 -999.9000 -999.9000 -999.9000 -999.9000 -999.9000 2209.76 2083.92 1999.72 2153.16 2297.48 2449.52 2459.58 2315.6 2172.62 2103.66 2033.14 2051.3 2057.62 2079.96 2071.9 1936.44 1778.38 1629.58 1502.76 1448.92 1470.26 1341.16 1303.9 1490.1 1495.64 1466.1 1404.16 1349.56 1181.8 1028.62 957.3 1012.14 1133.34 1266.06 1389.88 1384.02 1386.92 1515.64 1689.44 1830.64 1932.7 2000.68 2039.72 2028.8 1978.82
-999.9000 -999.9000 -999.9000 -999.9000 -999.9000 -999.9000 -999.9000 -999.9000 -999.9000 -999.9000 -999.9000 -999.9000 -999.9000 -999.9000 -999.9000 -999.9000 -999.9000 -999.9000 2253.48 2168.02 2097.72 1890.14 1994.0 2135.0 2294.16 2415.64 2397.3 2280.32 2168.26 2010.14 1877.04 1892.38 1878.48 1861.82 1895.74 1967.62 1829.36 1672.42 1589.04 1490.12 1326.28 1212.94 1262.42 1330.2 1277.06 1258.42 1181.52 1159.3 1086.76 974.36 957.3 1077.94 1246.44 1401.0 1498.96 1602.52 1593.28 1660.08 1814.88 1902.18 1966.96 1979.06 1921.5 1855.2 1853.68
-999.9000 -999.9000 -999.9000 -999.9000 -999.9000 -999.9000 -999.9000 -999.9000 -999.9000 -999.9000 -999.9000 -999.9000 -999.9000 -999.9000 -999.9000 -999.9000 -999.9000 2233.68 2154.96 2074.44 1951.96 1833.48 1982.5 2135.42 2283.7 2406.54 2328.98 2166.1 2041.76 1983.1 1839.08 1679.7 1659.88 1674.48 1780.22 1788.88 1754.08 1757.92 1711.22 1563.64 1380.6 1235.58 1155.16 1133.34 1098.22 1047.3 1024.08 983.48 983.84 948.66 1062.02 1230.54 1371.3 1486.96 1601.3 1658.8 1754.42 1863.1 1930.6 1965.26 2012.2 2003.78 1814.46 1668.2 1678.0
-999.9000 -999.9000 -999.9000 -999.9000 -999.9000 -999.9000 -999.9000 -999.9000 -999.9000 -999.9000 -999.9000 -999.9000 -999.9000 -999.9000 2184.35 2172.54 2089.62 2045.18 1982.14 1934.84 1803.46 1872.62 2042.18 2171.78 2275.98 2395.44 2322.08 2177.66 2040.36 1881.54 1771.18 1666.06 1561.42 1553.66 1666.94 1594.38 1600.92 1674.88 1760.9 1635.06 1502.94 1393.18 1309.48 1293.0 1250.58 1126.1 1104.36 996.24 982.5 948.64 1055.76 1221.46 1401.08 1558.26 1701.1 1770.1 1825.9 1909.44 1951.58 2001.8 1993.72 1923.56 1779.72 1634.94 1497.94
-999.9000 -999.9000 -999.9000 -999.9000 -999.9000 -999.9000 -999.9000 -999.9000 -999.9000 -999.9000 -999.9000 -999.9000 -999.9000 2224.3 2208.16 2151.92 2123.4 2045.56 1909.58 1780.48 1734.28 1829.22 1957.5 2065.32 2241.5 2305.62 2227.0 2053.78 1973.5 1904.36 1789.22 1623.2 1431.96 1501.12 1522.9 1422.7 1490.32 1626.98 1776.44 1778.08 1636.92 1539.98 1551.04 1516.38 1441.14 1366.68 1263.68 1111.24 1003.74 948.06 1069.0 1217.22 1356.7 1504.1 1653.44 1722.1 1813.94 1925.12 2022.6 1994.38 1878.38 1750.56 1730.06 1605.34 1407.52
-999.9000 -999.9000 -999.9000 -999.9000 -999.9000 -999.9000 -999.9000 -999.9000 -999.9000 -999.9000 -999.9000 -999.9000 -999.9000 -999.9000 2323.88 2271.16 2144.46 2009.66 1878.52 1827.42 1697.12 1746.66 1902.9 2053.66 2122.3 2101.6 2179.04 2119.04 1947.84 1785.32 1674.06 1568.2 1387.3 1332.6 1303.8 1295.92 1419.02 1572.2 1707.46 1694.44 1632.64 1604.42 1577.92 1466.12 1385.26 1268.16 1192.76 1054.84 938.32 1055.54 1169.04 1229.52 1322.5 1443.12 1589.0 1733.92 1867.3 2026.92 2047.04 1875.38 1727.94 1605.12 1579.1 1572.84 1460.3
2312.08 2293.02 2300.2 2282.16 -999.9000 -999.9000 -999.9000 -999.9000 -999.9000 -999.9000 -999.9000 -999.9000 -999.9000 -999.9000 2353.94 2225.98 2076.5 2070.24 2019.1 1882.86 1696.1 1711.7 1831.7 1903.86 1933.32 1937.0 2059.06 2145.68 2053.46 1885.1 1725.58 1569.98 1506.36 1461.94 1307.32 1197.36 1300.76 1442.28 1555.66 1507.72 1420.24 1398.54 1384.18 1360.0 1206.66 1078.16 984.3 931.88 931.88 1039.3 1219.72 1370.82 1461.64 1576.36 1702.96 1821.8 1953.66 2037.84 1952.9 1874.82 1758.48 1590.9 1436.36 1399.88 1380.22
2152.08 2110.94 2123.5 2090.54 2160.76 2218.22 2309.225 -999.9000 -999.9000 -999.9000 -999.9000 -999.9000 -999.9000 -999.9000 2351.52 2276.04 2246.44 2180.58 2041.42 1873.84 1660.94 1600.58 1628.8 1701.88 1730.62 1803.48 1938.8 1953.64 2020.78 1990.0 1830.74 1698.08 1658.56 1524.74 1348.72 1189.18 1160.48 1298.42 1363.0 1340.74 1246.84 1156.8 1151.38 1178.4 1103.84 948.34 928.8 975.04 1036.26 1098.3 1159.38 1286.94 1424.1 1579.72 1743.86 1871.68 1990.08 1915.28 1787.4 1695.1 1674.02 1587.2 1445.32 1280.92 1225.72
2057.08 1929.48 1932.44 1966.96 2020.98 2174.22 2327.26 -999.9000 -999.9000 -999.9000 -999.9000 -999.9000 -999.9000 2511.5 2461.24 2359.44 2267.32 2187.48 2071.06 1909.08 1735.02 1581.54 1469.84 1501.08 1587.04 1735.24 1815.54 1753.98 1855.56 1969.9 1904.2 1774.42 1662.06 1513.08 1387.58 1292.62 1125.02 1101.86 1101.86 1131.2 1065.66 1009.02 968.46 968.46 980.76 928.16 928.8 1073.8 1219.06 1311.22 1300.6 1283.64 1428.36 1573.96 1715.6 1861.12 1997.9 1968.32 1809.06 1639.12 1503.2 1437.52 1408.42 1283.4 1103.12
1960.5 1814.98 1867.04 1945.8 2049.64 2208.62 2346.84 2480.26 -999.9000 2548.625 2529.225 2478.24 2404.08 2416.88 2382.68 2287.34 2169.6 2065.4 1947.58 1880.9 1774.28 1662.34 1513.84 1428.2 1547.92 1655.62 1628.62 1608.66 1761.9 1929.62 1942.56 1787.8 1627.86 1561.8 1469.9 1309.68 1274.96 1225.4 1152.72 1074.24 1121.86 1123.86 1105.36 1027.52 932.24 926.62 969.4 1136.44 1323.02 1475.76 1479.92 1442.56 1472.58 1592.3 1717.0 1882.4 2028.94 1948.1 1787.76 1691.34 1576.74 1516.16 1382.64 1291.8 1151.04
