topo/adem_trim.txt
ncols       160
nrows       400
xllcorner          137.8995833
yllcorner           34.6995833
cellsize             0.00250
NODATA_value       -999.9000
[rows 290 to 318 of 400, columns 65 to 129 of 160]
514.78 482.36 402.46 254.74 185.62 164.53 164.53 164.78 164.78 197.02 291.06 260.72 189.4 200.61 200.63 200.64 202.28 221.26 346.76 327.66 382.36 421.1 474.96 515.0 597.62 588.92 533.76 502.34 588.16 617.68 590.36 602.34 626.64 576.2 540.26 537.52 589.66 616.06 612.68 610.12 647.04 664.04 663.58 717.74 693.6 595.66 517.98 532.8 654.6 647.58 552.6 416.0 434.34 -999.9000 -999.9000 -999.9000 -999.9000 -999.9000 -999.9000 -999.9000 -999.9000 -999.9000 -999.9000 -999.9000 -999.9000
577.9 478.32 376.34 303.38 264.1 172.56 164.51 164.5 164.49 160.11 255.3 319.48 189.4 263.68 327.18 330.96 352.38 380.22 437.08 400.0 444.12 494.42 534.7 623.24 595.9 560.8 576.26 623.2 664.58 639.02 563.72 501.34 520.38 452.94 497.08 567.86 505.94 520.12 538.92 520.56 626.5 627.62 585.12 672.32 577.08 563.38 459.38 491.52 585.24 579.0 489.62 459.4 409.38 469.52 -999.9000 -999.9000 -999.9000 -999.9000 -999.9000 -999.9000 -999.9000 -999.9000 -999.9000 -999.9000 -999.9000
620.54 534.36 439.54 434.66 377.92 287.7 160.09 160.1 160.11 160.11 291.68 260.92 189.4 209.32 288.8 378.2 472.04 509.98 518.44 502.92 554.76 552.0 633.46 587.4 500.46 509.52 622.9 619.04 645.46 581.78 470.22 412.26 461.86 419.88 414.82 501.52 428.32 441.62 407.14 494.0 619.6 600.56 476.36 540.88 499.6 490.18 444.6 415.0 519.74 540.72 441.4 396.0 438.32 526.64 -999.9000 -999.9000 -999.9000 -999.9000 -999.9000 -999.9000 -999.9000 -999.9000 -999.9000 -999.9000 -999.9000
673.22 574.22 493.58 422.98 351.4 290.96 160.09 160.09 165.2 165.2 165.2 184.66 189.4 254.22 362.02 434.68 492.12 485.96 526.04 574.66 603.14 663.92 625.8 525.88 426.96 474.98 500.76 482.84 581.0 536.22 443.6 392.46 382.14 407.98 355.08 446.36 391.62 330.84 441.84 569.62 616.84 551.42 431.68 380.34 419.3 437.0 384.54 384.36 411.2 436.42 379.16 379.18 427.16 530.8 -999.9000 -999.9000 -999.9000 -999.9000 -999.9000 -999.9000 -999.9000 -999.9000 -999.9000 -999.9000 -999.9000
582.88 507.72 418.08 371.42 303.38 282.24 288.74 195.4 151.41 173.62 236.28 269.98 251.92 282.82 302.46 319.78 355.72 440.66 508.28 540.0 613.62 683.6 609.54 576.66 434.02 359.94 412.84 465.36 539.6 576.98 494.4 406.24 389.54 378.3 339.34 357.46 321.3 368.3 481.48 564.18 489.16 452.5 392.52 324.65 325.38 335.24 335.24 353.66 362.06 362.06 400.22 449.28 517.72 611.52 -999.9000 -999.9000 -999.9000 -999.9000 -999.9000 -999.9000 -999.9000 -999.9000 -999.9000 -999.9000 -999.9000
569.36 454.02 414.96 409.52 401.68 321.04 228.52 228.52 191.8 151.39 156.34 191.84 276.84 343.28 384.18 374.94 422.6 484.76 619.02 650.72 661.04 595.64 512.26 447.2 416.7 352.7 391.08 453.1 533.18 562.38 477.7 480.56 507.48 478.0 360.16 306.62 289.82 355.22 466.58 530.84 424.28 328.42 321.64 324.63 385.6 372.2 400.92 453.52 480.32 434.06 384.34 432.26 506.98 609.975 -999.9000 -999.9000 -999.9000 -999.9000 -999.9000 -999.9000 -999.9000 -999.9000 -999.9000 -999.9000 -999.9000
593.26 588.16 572.08 533.98 426.94 319.52 223.92 232.9 225.7 186.84 145.84 149.56 201.48 302.84 393.38 463.24 502.92 581.6 603.66 576.42 583.46 493.06 446.18 398.46 346.36 314.58 380.3 445.42 445.72 478.64 543.56 560.42 470.84 456.54 435.6 393.38 277.12 365.4 484.76 513.38 448.72 348.58 315.94 406.38 488.3 444.08 465.04 560.06 561.06 455.9 436.7 501.86 515.16 614.825 -999.9000 -999.9000 -999.9000 -999.9000 -999.9000 -999.9000 -999.9000 -999.9000 -999.9000 -999.9000 -999.9000
550.12 592.08 524.4 492.58 440.64 347.14 246.04 173.56 161.4 153.1 150.16 144.96 173.86 282.16 355.38 433.24 545.02 596.8 545.8 466.34 484.12 559.02 501.06 481.64 418.3 314.56 332.62 407.0 418.06 459.38 555.96 509.92 416.86 342.64 382.96 329.9 270.44 377.34 358.08 409.76 428.58 359.44 295.1 364.78 424.48 498.44 567.54 648.0 599.48 504.62 502.94 565.1 640.36 -999.9000 -999.9000 -999.9000 -999.9000 -999.9000 -999.9000 -999.9000 -999.9000 -999.9000 -999.9000 -999.9000 -999.9000
495.86 482.8 390.7 338.24 333.9 289.46 185.62 158.16 164.82 150.16 147.8 144.95 208.36 282.0 352.24 409.12 458.42 508.96 588.76 467.46 383.56 454.62 448.3 406.0 336.58 300.0 367.88 410.1 485.44 532.4 564.04 517.44 413.7 378.96 314.2 296.58 256.5 272.06 286.6 286.61 334.54 294.04 310.74 358.48 363.22 428.66 -999.9000 -999.9000 -999.9000 -999.9000 -999.9000 -999.9000 -999.9000 -999.9000 -999.9000 -999.9000 -999.9000 -999.9000 -999.9000 -999.9000 -999.9000 -999.9000 -999.9000 -999.9000 -999.9000
495.36 489.38 429.96 386.96 330.2 282.7 204.14 154.22 147.14 147.16 144.92 144.95 222.22 279.78 317.3 367.68 427.7 519.4 526.82 446.3 339.02 367.38 407.78 311.86 298.06 355.24 444.24 513.26 558.56 511.54 500.86 549.46 475.14 449.58 368.2 270.52 256.0 344.18 390.64 323.4 286.61 291.3 339.02 437.14 476.65 -999.9000 -999.9000 -999.9000 -999.9000 -999.9000 -999.9000 -999.9000 -999.9000 -999.9000 -999.9000 -999.9000 -999.9000 -999.9000 -999.9000 -999.9000 -999.9000 -999.9000 -999.9000 -999.9000 -999.9000
388.98 428.64 409.12 365.1 286.1 260.94 218.58 168.12 148.18 143.58 144.9 197.46 248.52 300.3 324.4 386.18 455.3 452.9 418.14 419.2 360.4 300.48 302.92 294.6 335.86 397.06 432.0 487.62 558.92 456.46 405.82 486.28 415.18 366.06 330.2 237.33 302.74 435.56 461.9 381.9 339.32 407.36 432.82 -999.9000 -999.9000 -999.9000 -999.9000 -999.9000 -999.9000 -999.9000 -999.9000 -999.9000 -999.9000 -999.9000 -999.9000 -999.9000 -999.9000 -999.9000 -999.9000 -999.9000 -999.9000 -999.9000 -999.9000 -999.9000 -999.9000
256.44 308.4 279.78 238.12 218.84 178.04 179.96 172.62 143.58 145.28 149.3 180.44 234.5 276.06 338.28 383.56 424.42 400.34 352.38 374.54 348.82 306.58 264.02 365.1 419.36 401.14 461.28 558.94 555.58 444.42 338.78 391.98 452.08 371.86 299.22 237.32 319.48 431.82 539.96 488.74 416.4 420.74 -999.9000 -999.9000 -999.9000 -999.9000 -999.9000 -999.9000 -999.9000 -999.9000 -999.9000 -999.9000 -999.9000 -999.9000 -999.9000 -999.9000 -999.9000 -999.9000 -999.9000 -999.9000 -999.9000 -999.9000 -999.9000 -999.9000 -999.9000
176.52 195.66 201.42 163.32 155.82 147.18 153.06 143.06 143.08 145.16 149.3 183.32 234.64 297.46 357.76 320.9 375.22 303.88 286.38 236.62 241.96 256.72 301.76 345.06 435.08 523.6 578.32 578.72 491.92 425.48 311.9 328.04 395.0 336.18 237.32 256.7 368.28 477.3 595.02 591.38 537.9 -999.9000 -999.9000 -999.9000 -999.9000 -999.9000 -999.9000 -999.9000 -999.9000 -999.9000 -999.9000 -999.9000 -999.9000 -999.9000 -999.9000 -999.9000 -999.9000 -999.9000 -999.9000 -999.9000 -999.9000 -999.9000 -999.9000 -999.9000 -999.9000
156.62 178.16 161.68 143.96 147.48 146.5 142.82 138.13 142.94 149.28 149.3 190.44 196.06 237.98 317.86 268.58 256.02 219.9 222.84 277.74 309.36 354.8 412.84 389.54 479.48 520.34 504.9 491.82 422.2 355.02 320.32 271.72 306.04 237.3 237.3 332.88 447.04 488.04 598.28 -999.9000 -999.9000 -999.9000 -999.9000 -999.9000 -999.9000 -999.9000 -999.9000 -999.9000 -999.9000 -999.9000 -999.9000 -999.9000 -999.9000 -999.9000 -999.9000 -999.9000 -999.9000 -999.9000 -999.9000 -999.9000 -999.9000 -999.9000 -999.9000 -999.9000 -999.9000
154.96 170.7 170.96 143.55 143.56 143.36 140.88 138.12 149.28 179.8 161.88 171.16 215.26 196.06 199.88 199.88 214.42 263.42 319.52 328.18 395.56 423.48 490.26 507.26 490.4 414.3 405.54 387.76 430.46 361.02 310.96 252.38 222.17 237.29 326.6 428.48 540.72 624.9 -999.9000 -999.9000 -999.9000 -999.9000 -999.9000 -999.9000 -999.9000 -999.9000 -999.9000 -999.9000 -999.9000 -999.9000 -999.9000 -999.9000 -999.9000 -999.9000 -999.9000 -999.9000 -999.9000 -999.9000 -999.9000 -999.9000 -999.9000 -999.9000 -999.9000 -999.9000 -999.9000
236.92 154.96 151.18 143.55 143.54 142.74 137.67 137.66 263.44 253.22 167.0 161.88 251.74 225.84 272.78 281.2 289.24 325.48 346.12 423.04 447.26 425.3 413.22 458.96 471.46 394.12 338.48 318.18 388.56 383.0 324.52 253.84 222.15 249.74 338.62 439.44 483.26 544.98 -999.9000 -999.9000 -999.9000 -999.9000 -999.9000 -999.9000 -999.9000 -999.9000 -999.9000 -999.9000 -999.9000 -999.9000 -999.9000 -999.9000 -999.9000 -999.9000 -999.9000 -999.9000 -999.9000 -999.9000 -999.9000 -999.9000 -999.9000 -999.9000 -999.9000 -999.9000 -999.9000
324.96 225.64 217.0 226.84 210.0 172.28 135.82 135.8 205.22 182.7 151.78 205.06 289.06 356.42 388.82 386.32 351.64 409.84 440.5 476.6 457.64 390.32 336.76 360.68 432.82 402.86 341.18 280.32 320.0 338.96 306.36 236.96 210.18 246.72 286.04 346.0 439.32 -999.9000 -999.9000 -999.9000 -999.9000 -999.9000 -999.9000 -999.9000 -999.9000 -999.9000 -999.9000 -999.9000 -999.9000 -999.9000 -999.9000 -999.9000 -999.9000 -999.9000 -999.9000 -999.9000 -999.9000 -999.9000 -999.9000 -999.9000 -999.9000 -999.9000 -999.9000 -999.9000 -999.9000
335.06 251.28 272.68 287.3 281.94 254.86 160.08 133.69 147.7 139.55 167.9 260.76 346.96 398.46 329.98 343.32 391.24 463.48 541.74 502.1 415.48 352.62 293.96 334.88 352.28 381.64 337.86 267.1 325.28 283.1 263.72 210.16 222.24 290.54 329.08 380.72 -999.9000 -999.9000 -999.9000 -999.9000 -999.9000 -999.9000 -999.9000 -999.9000 -999.9000 -999.9000 -999.9000 -999.9000 -999.9000 -999.9000 -999.9000 -999.9000 -999.9000 -999.9000 -999.9000 -999.9000 -999.9000 -999.9000 -999.9000 -999.9000 -999.9000 -999.9000 -999.9000 -999.9000 -999.9000
349.04 313.6 337.1 352.44 349.78 320.28 218.5 133.34 133.35 139.53 188.18 227.84 288.64 275.22 275.22 367.02 479.12 536.54 572.82 486.78 411.98 347.5 343.76 290.88 271.4 289.66 291.2 267.08 288.78 233.88 214.02 199.56 241.92 312.28 380.48 410.4 -999.9000 -999.9000 -999.9000 -999.9000 -999.9000 -999.9000 -999.9000 -999.9000 -999.9000 -999.9000 -999.9000 -999.9000 -999.9000 -999.9000 -999.9000 -999.9000 -999.9000 -999.9000 -999.9000 -999.9000 -999.9000 -999.9000 -999.9000 -999.9000 -999.9000 -999.9000 -999.9000 -999.9000 -999.9000
395.38 382.56 403.02 401.98 407.62 349.32 230.2 133.19 133.21 135.36 218.52 250.3 227.84 291.4 337.5 358.22 403.82 472.32 553.24 544.58 483.4 442.98 404.16 347.22 301.8 244.08 209.7 224.3 193.24 193.24 194.82 243.46 288.28 336.52 357.96 351.62 -999.9000 -999.9000 -999.9000 -999.9000 -999.9000 -999.9000 -999.9000 -999.9000 -999.9000 -999.9000 -999.9000 -999.9000 -999.9000 -999.9000 -999.9000 -999.9000 -999.9000 -999.9000 -999.9000 -999.9000 -999.9000 -999.9000 -999.9000 -999.9000 -999.9000 -999.9000 -999.9000 -999.9000 -999.9000
474.86 456.0 458.32 465.34 460.76 354.32 228.02 141.44 131.71 129.56 152.42 242.78 243.44 249.38 321.98 430.08 473.58 494.1 503.3 451.24 497.34 413.54 355.78 289.74 263.64 261.88 217.94 187.36 193.22 285.78 297.74 292.07 292.09 302.22 313.78 341.6 -999.9000 -999.9000 -999.9000 -999.9000 -999.9000 -999.9000 -999.9000 -999.9000 -999.9000 -999.9000 -999.9000 -999.9000 -999.9000 -999.9000 -999.9000 -999.9000 -999.9000 -999.9000 -999.9000 -999.9000 -999.9000 -999.9000 -999.9000 -999.9000 -999.9000 -999.9000 -999.9000 -999.9000 -999.9000
479.84 456.22 481.0 515.78 475.44 338.74 241.96 162.96 131.7 129.55 131.74 156.68 218.72 270.96 329.08 322.24 310.42 340.72 337.26 347.74 460.84 474.68 400.48 308.14 252.08 208.3 180.01 180.01 208.46 258.64 288.3 317.44 360.92 383.18 401.54 422.4 -999.9000 -999.9000 -999.9000 -999.9000 -999.9000 -999.9000 -999.9000 -999.9000 -999.9000 -999.9000 -999.9000 -999.9000 -999.9000 -999.9000 -999.9000 -999.9000 -999.9000 -999.9000 -999.9000 -999.9000 -999.9000 -999.9000 -999.9000 -999.9000 -999.9000 -999.9000 -999.9000 -999.9000 -999.9000
326.88 311.16 345.54 390.14 458.24 402.14 294.6 226.9 164.3 129.54 128.22 137.2 167.36 180.36 175.32 165.98 199.88 227.9 270.32 358.6 431.44 486.36 423.3 382.78 282.94 186.18 180.0 232.38 231.88 325.84 394.06 415.72 417.1 463.46 466.22 407.9 382.82 -999.9000 -999.9000 -999.9000 -999.9000 -999.9000 -999.9000 -999.9000 -999.9000 -999.9000 -999.9000 -999.9000 -999.9000 -999.9000 -999.9000 -999.9000 -999.9000 -999.9000 -999.9000 -999.9000 -999.9000 -999.9000 -999.9000 -999.9000 -999.9000 -999.9000 -999.9000 -999.9000 -999.9000
371.62 310.02 264.22 299.62 358.54 338.66 352.88 335.14 273.14 187.46 128.22 127.01 127.01 127.01 126.99 248.92 317.68 350.32 369.8 354.4 419.68 441.36 337.3 367.38 345.88 266.8 200.28 179.98 207.74 290.38 377.24 475.98 483.08 396.46 366.28 347.46 421.46 448.7 446.04 445.06 443.7 -999.9000 -999.9000 -999.9000 -999.9000 -999.9000 -999.9000 -999.9000 -999.9000 -999.9000 -999.9000 -999.9000 -999.9000 -999.9000 -999.9000 -999.9000 -999.9000 -999.9000 -999.9000 -999.9000 -999.9000 -999.9000 -999.9000 -999.9000 -999.9000
373.5 367.8 327.12 242.16 242.16 262.66 289.18 241.14 281.58 286.24 243.84 257.18 263.86 206.0 124.9 184.48 251.6 308.68 408.82 449.5 398.0 321.52 306.16 255.28 287.08 269.92 227.5 176.74 232.6 256.46 323.82 423.74 429.58 333.74 302.58 382.98 448.16 390.82 350.1 366.72 349.9 -999.9000 -999.9000 -999.9000 -999.9000 -999.9000 -999.9000 -999.9000 -999.9000 -999.9000 -999.9000 -999.9000 -999.9000 -999.9000 -999.9000 -999.9000 -999.9000 -999.9000 -999.9000 -999.9000 -999.9000 -999.9000 -999.9000 -999.9000 -999.9000
423.5 473.56 373.62 279.28 269.86 218.74 210.79 210.78 210.77 183.64 153.24 196.58 248.22 155.58 123.56 178.94 308.26 372.22 409.66 398.14 385.92 326.08 235.04 229.22 143.4 181.36 173.1 156.44 252.5 310.64 301.26 386.9 406.76 352.32 263.28 322.6 393.64 389.9 299.4 353.36 294.88 304.175 -999.9000 -999.9000 -999.9000 -999.9000 -999.9000 -999.9000 -999.9000 -999.9000 -999.9000 -999.9000 -999.9000 -999.9000 -999.9000 -999.9000 -999.9000 -999.9000 -999.9000 -999.9000 -999.9000 -999.9000 -999.9000 -999.9000 -999.9000
536.94 528.24 435.48 351.04 291.0 261.72 285.68 328.28 357.32 280.3 195.84 140.3 218.78 135.98 119.62 146.74 228.72 316.88 314.2 235.3 237.68 271.94 218.3 143.4 168.46 143.4 148.98 156.42 216.18 286.32 350.64 421.6 382.42 301.56 244.34 332.3 402.48 387.0 325.7 267.74 258.98 -999.9000 -999.9000 -999.9000 -999.9000 -999.9000 -999.9000 -999.9000 -999.9000 -999.9000 -999.9000 -999.9000 -999.9000 -999.9000 -999.9000 -999.9000 -999.9000 -999.9000 -999.9000 -999.9000 -999.9000 -999.9000 -999.9000 -999.9000 -999.9000
543.22 436.68 362.92 321.08 347.84 383.82 440.36 438.38 361.42 239.86 163.66 136.65 136.63 120.62 119.26 132.44 194.04 291.48 233.84 160.5 148.58 183.46 167.58 136.62 205.46 143.4 143.4 164.64 242.34 318.06 391.06 376.76 356.1 277.64 222.97 267.6 319.3 288.5 290.3 224.0 258.225 -999.9000 -999.9000 -999.9000 -999.9000 -999.9000 -999.9000 -999.9000 -999.9000 -999.9000 -999.9000 -999.9000 -999.9000 -999.9000 -999.9000 -999.9000 -999.9000 -999.9000 -999.9000 -999.9000 -999.9000 -999.9000 -999.9000 -999.9000 -999.9000
549.28 450.88 396.62 429.74 487.68 510.76 493.98 408.34 305.42 231.22 178.88 130.02 120.62 118.16 120.68 148.66 223.78 245.94 151.74 122.9 133.04 159.56 147.9 136.62 208.2 259.02 236.28 217.42 216.38 272.86 337.16 324.1 314.04 259.26 222.95 267.16 319.46 268.04 204.42 273.72 -999.9000 -999.9000 -999.9000 -999.9000 -999.9000 -999.9000 -999.9000 -999.9000 -999.9000 -999.9000 -999.9000 -999.9000 -999.9000 -999.9000 -999.9000 -999.9000 -999.9000 -999.9000 -999.9000 -999.9000 -999.9000 -999.9000 -999.9000 -999.9000 -999.9000
