topo/adem_trim.txt
ncols       160
nrows       400
xllcorner          137.8995833
yllcorner           34.6995833
cellsize             0.00250
NODATA_value       -999.9000
[rows 319 to 347 of 400, columns 65 to 129 of 160]
534.92 511.04 497.94 512.08 526.58 444.56 389.58 344.98 286.0 239.44 130.9 123.1 117.3 116.8 121.8 181.44 253.66 253.78 150.7 117.28 133.54 136.62 136.62 197.94 270.54 332.98 353.42 333.64 269.0 297.52 373.44 366.98 278.22 278.4 204.73 268.06 305.62 204.42 229.88 314.62 300.42 -999.9000 -999.9000 -999.9000 -999.9000 -999.9000 -999.9000 -999.9000 -999.9000 -999.9000 -999.9000 -999.9000 -999.9000 -999.9000 -999.9000 -999.9000 -999.9000 -999.9000 -999.9000 -999.9000 -999.9000 -999.9000 -999.9000 -999.9000 -999.9000
515.06 516.4 452.42 412.0 392.28 384.9 289.86 233.4 212.48 149.1 123.94 117.28 114.31 115.48 141.38 192.12 248.62 146.76 110.19 110.19 142.8 154.98 136.62 239.72 333.36 380.1 455.2 423.18 347.32 376.5 364.12 288.9 277.62 257.22 231.94 204.71 204.6 193.86 226.36 254.28 262.62 304.82 366.8 -999.9000 -999.9000 -999.9000 -999.9000 -999.9000 -999.9000 -999.9000 -999.9000 -999.9000 -999.9000 -999.9000 -999.9000 -999.9000 -999.9000 -999.9000 -999.9000 -999.9000 -999.9000 -999.9000 -999.9000 -999.9000 -999.9000
485.7 467.54 372.58 310.24 282.9 273.74 268.88 215.88 150.88 169.98 164.26 121.3 114.31 124.94 157.74 222.52 168.52 110.2 112.38 111.28 107.54 221.46 302.84 334.48 421.88 481.96 514.72 495.66 446.6 376.44 387.44 323.54 235.62 239.06 206.36 153.4 193.86 247.72 330.4 318.48 281.28 312.94 350.36 355.82 -999.9000 -999.9000 -999.9000 -999.9000 -999.9000 -999.9000 -999.9000 -999.9000 -999.9000 -999.9000 -999.9000 -999.9000 -999.9000 -999.9000 -999.9000 -999.9000 -999.9000 -999.9000 -999.9000 -999.9000 -999.9000
376.82 408.0 375.36 298.12 260.9 215.16 180.32 174.16 214.76 253.72 203.6 138.42 114.08 115.22 119.94 163.04 114.68 111.14 231.26 225.24 115.74 107.54 188.06 273.14 342.84 433.48 491.5 521.06 415.32 313.5 323.9 299.8 278.1 212.06 148.5 153.4 238.38 338.84 441.0 444.06 372.26 306.24 293.6 276.3 352.28 340.28 333.64 -999.9000 -999.9000 -999.9000 -999.9000 -999.9000 -999.9000 -999.9000 -999.9000 -999.9000 -999.9000 -999.9000 -999.9000 -999.9000 -999.9000 -999.9000 -999.9000 -999.9000 -999.9000
349.52 417.12 405.86 387.82 359.3 286.58 228.46 244.08 262.1 309.52 241.78 205.4 164.2 114.08 113.45 113.45 111.14 187.04 287.68 213.62 105.62 105.62 118.0 168.04 254.22 312.88 412.16 430.18 397.16 305.12 236.0 206.32 247.3 181.12 137.92 202.16 289.64 379.06 464.78 382.08 296.86 278.28 206.34 315.4 320.6 259.04 282.38 322.9 -999.9000 -999.9000 -999.9000 -999.9000 -999.9000 -999.9000 -999.9000 -999.9000 -999.9000 -999.9000 -999.9000 -999.9000 -999.9000 -999.9000 -999.9000 -999.9000 -999.9000
370.3 415.72 369.76 428.74 411.78 367.58 325.06 314.16 375.2 376.34 331.82 298.42 225.24 237.28 202.44 174.9 198.36 257.42 227.62 174.14 105.11 105.11 114.06 153.02 222.24 305.98 385.72 359.84 295.32 286.34 281.58 210.1 190.38 156.7 125.62 189.68 251.72 354.44 396.98 330.4 252.48 217.4 206.34 315.4 235.62 225.22 286.68 325.64 327.14 396.74 -999.9000 -999.9000 -999.9000 -999.9000 -999.9000 -999.9000 -999.9000 -999.9000 -999.9000 -999.9000 -999.9000 -999.9000 -999.9000 -999.9000 -999.9000
366.86 335.7 385.8 400.22 486.9 500.0 437.56 409.24 466.12 481.86 433.68 373.52 304.98 330.7 350.54 271.12 172.82 133.2 116.08 110.04 102.5 120.66 165.16 217.62 278.78 366.96 419.44 312.0 225.64 193.24 203.48 226.88 184.22 125.62 145.3 207.0 260.82 327.8 324.86 276.4 239.86 201.08 195.1 270.38 198.32 266.84 255.4 224.76 261.4 307.14 -999.9000 -999.9000 -999.9000 -999.9000 -999.9000 -999.9000 -999.9000 -999.9000 -999.9000 -999.9000 -999.9000 -999.9000 -999.9000 -999.9000 -999.9000
309.22 405.28 455.94 498.54 518.62 593.72 586.0 539.44 527.76 513.14 502.64 409.62 422.8 427.0 337.12 189.0 97.58 97.58 102.5 102.5 161.58 233.78 277.08 326.9 377.68 378.44 326.0 298.68 255.22 222.84 163.36 163.34 123.54 120.54 180.34 266.82 314.72 301.96 250.54 215.68 201.78 231.52 209.6 175.82 185.84 217.7 187.56 244.08 269.72 -999.9000 -999.9000 -999.9000 -999.9000 -999.9000 -999.9000 -999.9000 -999.9000 -999.9000 -999.9000 -999.9000 -999.9000 -999.9000 -999.9000 -999.9000 -999.9000
296.12 402.88 482.98 556.32 593.42 594.68 616.84 598.16 518.32 456.96 508.2 514.0 485.28 416.58 300.68 170.24 96.68 102.42 146.84 204.86 291.44 319.92 344.08 342.16 341.2 302.26 248.38 254.16 257.76 190.26 169.54 125.26 114.1 162.92 230.94 288.38 280.7 225.6 192.18 189.52 175.42 229.5 273.74 215.22 135.72 149.4 192.46 244.06 289.32 -999.9000 -999.9000 -999.9000 -999.9000 -999.9000 -999.9000 -999.9000 -999.9000 -999.9000 -999.9000 -999.9000 -999.9000 -999.9000 -999.9000 -999.9000 -999.9000
355.84 429.38 483.74 553.04 503.08 448.72 492.78 543.12 434.36 390.12 481.68 490.6 370.68 283.26 231.74 141.84 96.68 99.16 122.9 152.62 223.0 252.62 250.04 224.56 256.32 271.2 241.18 185.94 213.58 182.46 119.9 101.5 140.42 221.64 271.22 277.72 230.8 201.08 170.62 160.12 156.16 231.52 249.08 228.6 135.72 170.82 242.66 262.76 208.0 178.22 -999.9000 -999.9000 -999.9000 -999.9000 -999.9000 -999.9000 -999.9000 -999.9000 -999.9000 -999.9000 -999.9000 -999.9000 -999.9000 -999.9000 -999.9000
336.14 408.9 510.18 564.24 436.66 360.84 442.6 511.6 407.26 264.22 417.26 369.44 292.06 203.84 179.92 112.7 94.48 97.28 101.62 114.1 148.96 167.98 159.74 172.42 222.24 293.32 278.14 184.56 132.38 112.36 101.0 113.1 164.5 232.74 231.6 203.86 182.92 178.52 172.06 145.04 129.7 129.7 164.8 201.24 206.26 111.48 148.78 185.6 135.52 161.18 208.0 -999.9000 -999.9000 -999.9000 -999.9000 -999.9000 -999.9000 -999.9000 -999.9000 -999.9000 -999.9000 -999.9000 -999.9000 -999.9000 -999.9000
259.4 359.66 444.6 443.3 414.7 309.62 366.62 429.04 342.44 263.78 340.5 342.12 301.34 267.98 212.8 146.68 95.52 93.36 96.08 96.78 100.88 113.24 141.94 209.52 257.48 280.12 214.92 209.96 136.66 96.16 146.26 193.6 214.7 204.76 169.4 175.86 153.62 162.32 190.1 189.46 173.2 184.34 116.04 158.28 198.22 183.16 108.52 102.52 130.6 153.38 186.525 -999.9000 -999.9000 -999.9000 -999.9000 -999.9000 -999.9000 -999.9000 -999.9000 -999.9000 -999.9000 -999.9000 -999.9000 -999.9000 -999.9000
259.4 272.9 345.7 311.24 317.92 243.18 296.7 367.52 334.24 253.44 286.7 359.14 330.96 287.38 250.24 190.7 112.88 93.8 91.0 93.44 93.36 93.96 111.24 146.94 173.14 209.96 172.48 152.94 93.84 120.74 190.34 257.4 215.32 152.86 123.62 135.54 135.54 175.36 194.3 186.96 170.74 175.96 162.5 108.34 130.7 190.74 148.88 85.1 106.22 141.0 179.225 -999.9000 -999.9000 -999.9000 -999.9000 -999.9000 -999.9000 -999.9000 -999.9000 -999.9000 -999.9000 -999.9000 -999.9000 -999.9000 -999.9000
226.64 200.2 200.18 183.12 202.58 204.56 261.22 282.92 306.86 238.02 280.6 333.18 282.08 284.22 282.46 229.96 168.5 100.02 91.94 89.74 89.74 91.84 91.74 91.78 103.4 139.64 184.16 121.62 93.82 143.6 233.28 269.22 206.74 145.12 123.62 170.86 160.32 199.7 228.84 182.14 148.54 137.24 128.36 93.0 98.46 126.74 142.38 85.1 85.12 114.82 158.075 -999.9000 -999.9000 -999.9000 -999.9000 -999.9000 -999.9000 -999.9000 -999.9000 -999.9000 -999.9000 -999.9000 -999.9000 -999.9000 -999.9000
275.98 245.82 245.54 247.92 183.12 171.64 171.62 200.2 288.52 259.3 213.94 272.0 258.7 255.5 268.0 206.54 176.26 124.12 93.84 90.1 88.86 88.23 89.76 88.67 88.67 92.92 148.32 110.5 93.82 140.12 217.04 238.36 160.14 120.56 170.58 231.7 208.74 228.96 202.8 174.44 191.2 169.0 157.18 152.48 91.5 75.4 124.26 94.2 72.9 96.48 128.44 -999.9000 -999.9000 -999.9000 -999.9000 -999.9000 -999.9000 -999.9000 -999.9000 -999.9000 -999.9000 -999.9000 -999.9000 -999.9000 -999.9000
333.92 337.44 342.34 324.44 275.16 212.62 175.92 163.63 245.92 272.68 237.04 181.28 227.58 198.44 221.38 214.52 172.48 146.72 123.82 91.52 89.88 88.23 85.98 85.5 88.52 90.96 109.96 106.06 93.82 174.88 265.52 242.84 175.36 126.82 116.36 211.02 249.18 198.3 238.18 219.8 198.84 221.26 173.62 172.0 135.48 74.48 69.92 76.18 72.06 89.84 101.56 -999.9000 -999.9000 -999.9000 -999.9000 -999.9000 -999.9000 -999.9000 -999.9000 -999.9000 -999.9000 -999.9000 -999.9000 -999.9000 -999.9000
385.74 421.62 434.0 410.48 315.28 256.9 225.54 164.26 163.61 231.56 234.82 161.28 205.14 211.46 179.42 167.62 158.2 142.8 136.88 125.82 98.68 88.8 86.18 85.0 82.25 82.25 83.78 85.16 108.1 168.68 234.58 221.02 161.62 121.84 83.2 133.58 150.22 152.4 212.58 193.2 156.78 176.22 161.54 101.64 88.18 95.46 64.54 67.12 64.22 72.34 110.18 127.34 -999.9000 -999.9000 -999.9000 -999.9000 -999.9000 -999.9000 -999.9000 -999.9000 -999.9000 -999.9000 -999.9000 -999.9000 -999.9000
430.175 -999.9000 525.02 502.5 401.92 289.64 231.86 197.82 139.86 210.72 231.42 184.02 148.26 199.46 243.52 240.4 235.12 158.18 125.16 127.2 110.71 91.92 89.18 86.48 84.76 83.28 80.95 80.95 84.02 119.62 158.98 163.62 133.04 109.26 82.02 128.66 103.42 132.38 167.86 188.24 138.32 161.06 180.8 138.12 83.62 63.6 59.2 61.86 75.38 69.1 89.26 87.88 86.36 -999.9000 -999.9000 -999.9000 -999.9000 -999.9000 -999.9000 -999.9000 -999.9000 -999.9000 -999.9000 -999.9000 -999.9000
-999.9000 -999.9000 -999.9000 524.38 434.92 323.02 224.4 181.58 134.58 213.56 225.0 223.44 148.26 163.36 245.64 278.94 275.94 202.28 141.32 124.26 110.71 92.58 88.4 86.52 86.99 87.8 101.94 84.76 79.88 79.88 96.94 134.34 146.68 110.68 79.46 95.6 80.72 99.34 147.48 145.8 129.88 163.54 162.3 116.84 99.26 71.86 57.72 58.06 59.73 59.75 71.18 86.36 113.22 119.725 -999.9000 -999.9000 -999.9000 -999.9000 -999.9000 -999.9000 -999.9000 -999.9000 -999.9000 -999.9000 -999.9000
-999.9000 -999.9000 -999.9000 478.46 387.02 302.16 229.62 194.12 133.38 149.66 190.54 165.98 133.86 166.36 243.6 257.32 273.64 232.2 158.42 116.04 97.66 88.13 85.5 85.38 86.51 86.99 112.34 93.08 78.44 77.1 82.28 90.44 136.1 167.04 87.64 72.14 74.04 109.08 155.12 178.84 129.86 109.04 135.28 115.9 90.56 69.44 57.6 55.29 59.72 89.72 120.1 -999.9000 -999.9000 -999.9000 -999.9000 -999.9000 -999.9000 -999.9000 -999.9000 -999.9000 -999.9000 -999.9000 -999.9000 -999.9000 -999.9000
-999.9000 -999.9000 -999.9000 413.04 316.64 248.46 200.16 212.28 173.08 123.52 118.06 111.5 109.75 109.75 145.04 155.18 230.92 233.76 185.88 146.58 88.13 83.7 85.14 84.32 84.4 86.51 91.5 88.12 82.36 76.38 74.84 81.46 108.92 136.3 113.58 74.12 69.55 96.64 157.82 146.84 127.32 97.92 140.0 123.96 77.88 69.82 81.26 102.38 55.28 55.46 65.64 98.86 -999.9000 -999.9000 -999.9000 -999.9000 -999.9000 -999.9000 -999.9000 -999.9000 -999.9000 -999.9000 -999.9000 -999.9000 -999.9000
-999.9000 -999.9000 -999.9000 402.475 320.48 282.1 272.0 258.54 211.24 181.32 151.84 128.58 151.44 135.72 98.94 96.5 122.36 136.78 163.06 164.84 94.42 82.74 83.74 83.8 82.4 83.36 81.04 79.28 80.42 75.68 75.26 74.36 81.04 105.58 112.14 87.52 69.94 69.55 126.94 145.56 120.42 78.84 120.06 107.9 90.24 83.02 79.02 77.98 56.74 55.27 112.08 125.02 -999.9000 -999.9000 -999.9000 -999.9000 -999.9000 -999.9000 -999.9000 -999.9000 -999.9000 -999.9000 -999.9000 -999.9000 -999.9000
-999.9000 -999.9000 -999.9000 -999.9000 -999.9000 -999.9000 -999.9000 -999.9000 271.025 266.125 248.975 220.72 235.88 198.96 126.92 104.36 93.72 89.92 101.14 99.26 86.8 80.98 80.12 82.72 82.38 81.68 80.88 78.42 77.52 75.8 74.0 73.47 75.64 89.88 92.78 81.46 71.82 69.55 69.53 92.3 98.42 73.84 79.6 84.92 99.64 83.52 114.74 81.16 57.32 52.53 94.5 146.4 -999.9000 -999.9000 -999.9000 -999.9000 -999.9000 -999.9000 -999.9000 -999.9000 -999.9000 -999.9000 -999.9000 -999.9000 -999.9000
-999.9000 -999.9000 -999.9000 -999.9000 -999.9000 -999.9000 -999.9000 -999.9000 -999.9000 -999.9000 -999.9000 -999.9000 -999.9000 245.28 216.32 160.2 130.7 94.66 88.42 86.56 84.54 80.52 78.95 82.36 80.68 80.66 80.34 78.88 79.78 75.52 74.12 72.54 73.47 78.28 73.24 69.68 69.35 69.35 69.76 68.34 67.34 65.16 63.82 62.66 62.26 59.09 58.73 58.72 54.64 53.28 52.53 122.42 -999.9000 -999.9000 -999.9000 -999.9000 -999.9000 -999.9000 -999.9000 -999.9000 -999.9000 -999.9000 -999.9000 -999.9000 -999.9000
-999.9000 -999.9000 -999.9000 -999.9000 -999.9000 -999.9000 -999.9000 -999.9000 -999.9000 -999.9000 -999.9000 -999.9000 -999.9000 -999.9000 242.02 233.52 171.98 118.46 108.4 127.2 114.34 80.2 78.95 79.92 79.22 77.58 76.4 76.94 78.0 76.74 75.02 71.86 70.9 74.7 73.02 69.96 69.52 69.52 68.8 66.84 65.72 64.58 63.12 62.74 60.44 59.54 58.74 57.76 56.02 52.86 52.52 53.58 127.45 -999.9000 -999.9000 -999.9000 -999.9000 -999.9000 -999.9000 -999.9000 -999.9000 -999.9000 -999.9000 -999.9000 -999.9000
-999.9000 -999.9000 -999.9000 -999.9000 -999.9000 -999.9000 -999.9000 -999.9000 -999.9000 -999.9000 -999.9000 -999.9000 -999.9000 -999.9000 -999.9000 -999.9000 221.06 192.22 188.16 180.48 140.44 87.68 80.0 77.54 80.0 75.86 74.89 74.89 76.5 77.74 74.6 72.94 69.94 69.94 71.84 71.72 70.06 69.28 67.78 66.94 66.0 64.38 63.58 62.68 61.64 59.3 58.08 56.2 53.8 53.0 53.8 52.0 66.7 107.04 -999.9000 -999.9000 -999.9000 -999.9000 -999.9000 -999.9000 -999.9000 -999.9000 -999.9000 -999.9000 -999.9000
-999.9000 -999.9000 -999.9000 -999.9000 -999.9000 -999.9000 -999.9000 -999.9000 -999.9000 -999.9000 -999.9000 -999.9000 -999.9000 -999.9000 -999.9000 -999.9000 -999.9000 249.46 245.74 217.64 164.64 117.76 79.22 73.7 74.98 75.58 75.28 73.88 78.04 76.2 74.12 72.48 70.12 68.79 72.38 71.32 70.84 69.7 68.08 65.54 64.38 64.16 62.98 61.64 61.26 60.06 58.12 56.36 54.82 53.1 51.76 51.02 49.42 48.36 45.88 -999.9000 -999.9000 -999.9000 -999.9000 -999.9000 -999.9000 -999.9000 -999.9000 -999.9000 -999.9000
-999.9000 -999.9000 -999.9000 -999.9000 -999.9000 -999.9000 -999.9000 -999.9000 -999.9000 -999.9000 -999.9000 -999.9000 -999.9000 -999.9000 -999.9000 -999.9000 -999.9000 -999.9000 246.4 233.88 206.46 163.38 93.42 73.38 74.6 73.84 73.64 72.92 72.38 74.38 72.04 71.06 69.79 69.9 68.79 69.7 70.34 67.69 66.96 66.96 64.38 63.86 63.18 61.9 61.18 60.72 59.34 56.38 56.8 54.32 52.06 50.38 49.48 48.74 45.86 -999.9000 -999.9000 -999.9000 -999.9000 -999.9000 -999.9000 -999.9000 -999.9000 -999.9000 -999.9000
-999.9000 -999.9000 -999.9000 -999.9000 -999.9000 -999.9000 -999.9000 -999.9000 -999.9000 -999.9000 -999.9000 -999.9000 -999.9000 -999.9000 -999.9000 -999.9000 -999.9000 -999.9000 240.9 206.58 177.22 140.26 110.7 77.04 73.33 73.16 73.15 72.92 72.56 71.78 71.02 70.54 69.78 69.26 67.12 65.04 67.58 67.51 67.5 69.94 68.28 63.78 62.76 61.76 60.72 59.56 58.9 57.0 55.34 53.94 51.56 50.7 50.08 48.32 46.56 45.44 45.24 -999.9000 44.1 -999.9000 -999.9000 38.89 40.42 -999.9000 -999.9000
