topo/adem_trim.txt
ncols       160
nrows       400
xllcorner          137.8995833
yllcorner           34.6995833
cellsize             0.00250
NODATA_value       -999.9000
[rows 203 to 231 of 400, columns 65 to 129 of 160]
1762.48 1728.22 1681.1 1700.12 1691.82 1602.64 1510.6 1382.14 1400.24 1386.52 1276.52 1098.28 963.26 938.22 952.04 919.34 754.68 568.4 520.4 606.1 728.68 835.94 911.14 1012.44 988.3 1054.12 1008.86 836.08 900.72 1056.52 1175.04 1124.1 1059.94 1028.04 1034.62 874.3 661.84 623.36 809.48 936.12 1043.98 1048.66 845.34 693.58 597.58 548.8 530.34 504.94 636.1 657.62 578.74 513.13 571.08 530.71 521.77 554.4 669.64 777.78 702.24 648.32 746.26 789.56 881.76 1015.26 1032.04
1657.62 1740.9 1861.26 1883.72 1799.34 1687.26 1537.04 1489.0 1547.82 1429.5 1263.9 1165.32 1145.06 1135.24 1119.08 929.78 788.52 683.68 671.22 517.02 629.54 797.64 853.22 832.04 790.3 845.72 907.68 772.22 815.98 952.24 1055.72 957.18 866.16 887.34 966.76 793.78 651.42 622.08 754.72 878.56 1007.76 1066.5 925.52 793.7 703.1 601.32 490.72 556.7 594.78 722.32 732.62 619.44 513.13 521.75 540.58 598.32 709.06 861.62 816.58 681.28 649.1 737.16 830.48 879.92 1011.82
1641.44 1771.16 1814.32 1847.34 1784.32 1684.3 1631.86 1621.84 1592.34 1444.62 1326.76 1296.96 1285.16 1209.34 1081.28 995.08 880.92 824.16 697.6 517.02 691.54 710.48 595.74 599.46 610.3 661.86 727.98 628.34 749.56 864.88 942.66 805.44 702.78 709.42 814.54 708.5 569.28 634.64 768.72 876.68 1017.02 1057.26 890.16 760.56 639.54 531.86 472.79 472.78 564.14 684.7 700.12 695.32 593.36 585.4 568.42 681.16 797.18 898.44 938.04 805.74 723.48 683.04 799.06 900.62 962.0
1595.0 1667.98 1624.5 1725.3 1718.8 1566.52 1460.86 1431.82 1456.9 1362.44 1189.56 1114.18 1109.78 1088.3 928.32 852.24 849.74 815.92 657.82 516.87 600.8 516.85 483.0 480.46 484.64 465.23 536.08 525.98 602.06 809.56 835.72 731.16 557.88 529.62 616.42 632.02 552.86 650.16 754.18 883.8 1032.02 1029.86 963.0 896.78 733.26 640.8 559.54 570.26 472.78 506.46 513.98 592.4 725.88 784.74 727.66 714.9 761.76 838.24 987.78 948.3 810.96 683.04 716.46 794.76 915.08
1465.76 1498.92 1498.38 1594.54 1682.88 1538.68 1367.52 1226.94 1257.04 1300.92 1168.36 974.34 909.56 963.26 909.58 763.98 669.82 680.7 689.46 541.76 516.86 600.62 659.06 490.82 465.24 489.16 465.23 443.39 577.16 640.3 608.9 612.48 511.66 601.42 552.86 552.86 624.12 683.74 797.4 890.78 1002.64 1145.44 1071.34 921.52 900.12 809.78 739.5 745.44 612.66 472.77 491.32 558.44 663.06 807.9 897.64 913.88 900.84 873.28 970.68 988.02 857.44 783.0 727.2 751.94 837.86
1271.56 1335.06 1435.92 1560.3 1666.24 1522.6 1307.54 1169.26 1078.86 1089.62 1171.62 1021.44 855.0 772.26 803.44 695.54 553.3 553.28 544.84 598.28 721.1 740.16 628.36 544.6 552.46 520.74 552.28 443.39 573.84 474.11 474.13 525.58 506.06 636.78 766.12 756.04 780.48 799.2 840.54 936.9 1081.88 1228.96 1193.94 1113.98 1063.04 955.16 873.44 787.64 611.8 506.58 462.34 570.94 681.14 738.56 854.76 1006.14 1018.46 992.5 989.5 1059.98 988.38 934.68 857.72 748.64 808.14
1296.92 1380.4 1491.98 1549.08 1532.58 1522.4 1347.44 1178.62 1032.7 926.56 1001.08 1040.18 933.82 779.92 645.92 568.26 611.84 747.08 761.36 824.74 841.98 686.22 544.84 592.12 607.96 522.0 561.56 443.39 443.38 453.5 581.7 506.06 541.1 669.02 789.12 820.36 917.42 924.44 941.66 1031.52 1099.94 1172.06 1142.34 1165.52 1064.9 904.54 780.64 723.26 668.72 536.04 470.42 462.34 656.82 793.94 905.16 1053.46 1136.32 1135.84 1073.42 1133.88 1112.28 1073.52 933.86 837.4 784.64
1201.74 1305.76 1400.82 1347.7 1322.36 1356.52 1334.68 1179.9 1029.86 865.74 834.82 904.02 855.9 765.26 586.5 654.36 707.82 874.9 995.5 979.2 837.44 705.28 641.76 586.54 531.55 531.53 578.3 608.16 443.38 443.37 584.22 700.02 643.12 570.24 598.68 726.46 786.62 724.04 800.7 937.0 975.98 1027.78 953.68 1000.18 997.6 893.88 771.5 661.62 590.76 457.8 457.8 500.3 638.52 800.56 966.86 1064.08 1077.54 1120.38 1187.74 1243.12 1264.3 1129.38 980.06 840.24 840.24
1071.66 1181.96 1232.22 1159.08 1140.16 1238.4 1342.82 1196.72 1014.76 889.54 755.02 705.34 671.34 655.92 587.4 659.7 818.74 961.56 1101.9 983.0 840.98 830.74 798.78 674.8 608.38 644.78 701.9 593.14 482.46 441.3 602.18 650.36 490.44 408.06 499.08 622.5 618.98 583.66 670.52 770.54 808.12 898.14 800.66 841.9 844.28 768.16 655.1 575.08 492.36 457.8 554.32 619.4 717.94 858.18 959.82 974.96 918.16 969.7 1075.32 1150.56 1251.4 1149.84 1052.58 1009.38 846.56
967.7 1099.1 1080.86 990.48 1070.8 1165.68 1151.62 1210.96 1113.8 962.98 813.36 672.18 624.5 624.5 657.96 769.66 786.4 958.2 1125.64 1015.52 944.56 996.1 900.6 839.76 792.3 809.8 683.64 523.62 447.72 428.52 589.08 612.1 408.06 451.42 418.45 466.64 418.46 451.14 557.72 623.0 691.96 772.76 672.24 682.92 688.78 620.96 524.66 441.03 441.03 457.8 601.58 695.12 805.46 898.44 841.92 789.38 801.78 857.38 942.36 1100.2 1241.5 1294.0 1205.82 1108.24 988.46
856.46 927.9 932.3 871.58 940.6 947.64 1040.48 1124.5 1065.4 981.16 850.16 711.88 664.22 820.12 857.3 931.8 887.06 951.36 1099.94 1152.92 1122.04 1141.22 1070.38 969.6 827.12 711.22 608.26 543.28 511.02 428.06 579.88 543.42 408.04 463.82 506.26 418.46 457.08 418.47 418.47 469.96 549.62 575.84 546.78 578.52 601.64 528.12 441.03 463.28 441.03 478.3 441.04 585.52 745.5 751.66 706.66 801.46 909.5 963.42 999.3 1023.64 1158.02 1301.62 1321.38 1200.98 1121.72
781.38 852.06 748.54 747.76 783.86 912.4 930.02 982.66 896.16 829.42 689.95 664.22 729.06 876.04 1036.64 1121.78 1012.6 1008.58 1153.04 1257.28 1165.6 1065.52 1007.68 895.8 761.38 592.32 418.72 418.72 428.06 508.5 608.42 511.62 407.25 407.23 551.6 581.82 589.14 615.24 519.54 418.47 419.56 430.4 425.62 533.48 618.8 498.32 441.02 561.0 560.44 441.04 469.66 561.44 612.1 662.12 734.08 819.04 920.7 1012.8 1112.52 1123.54 1114.22 1233.26 1365.52 1325.82 1241.68
781.38 748.54 785.72 805.02 743.14 737.3 737.29 862.16 829.9 689.97 722.44 826.16 905.82 957.98 1102.96 1208.7 1103.08 1125.24 1228.0 1241.28 1062.98 932.46 843.78 749.1 643.8 534.2 429.52 418.72 527.48 637.68 662.74 596.71 509.02 403.99 482.5 674.6 769.04 760.9 666.78 496.88 452.94 425.61 425.62 492.12 425.62 475.98 431.12 576.32 589.78 511.42 543.04 597.56 699.26 784.64 878.36 860.68 865.2 980.98 1113.08 1214.98 1262.34 1290.04 1372.0 1445.5 1380.56
779.44 778.7 937.56 983.96 913.72 850.8 737.27 717.64 710.04 734.56 859.92 997.3 1083.52 1117.02 1180.5 1271.08 1260.44 1311.26 1334.74 1238.5 1127.92 1041.46 902.04 771.84 639.52 617.56 561.98 418.72 418.72 582.16 647.86 596.69 403.98 442.02 567.66 718.9 862.38 909.12 724.86 620.74 555.88 617.26 561.52 425.62 470.84 425.62 425.63 548.1 687.74 584.2 556.1 627.14 708.88 846.9 980.92 1025.34 995.26 1026.96 1098.94 1220.98 1350.88 1422.92 1467.32 -999.9000 -999.9000
778.7 856.28 1018.64 1149.6 1046.28 866.76 803.4 784.72 862.08 969.9 977.62 1033.72 1175.48 1255.12 1243.4 1213.7 1278.24 1338.32 1363.48 1247.14 1177.76 1083.06 984.96 870.42 772.8 738.84 575.98 396.28 396.28 479.16 588.96 589.52 464.36 403.97 524.86 622.46 737.52 866.86 824.02 778.72 708.38 746.34 727.1 558.7 516.56 591.14 597.3 606.9 723.48 774.02 673.16 627.3 660.3 738.9 838.16 960.76 1069.5 1172.56 1229.28 1289.64 1344.3 1392.48 -999.9000 -999.9000 -999.9000
949.98 1021.12 1083.56 1203.62 1074.5 912.4 956.96 971.8 1038.62 1119.28 1069.84 1199.42 1271.58 1196.36 1077.58 1082.44 1133.4 1234.6 1201.16 1246.0 1286.62 1189.1 1075.64 910.22 765.56 643.94 581.68 513.6 474.86 390.14 530.36 507.02 408.22 392.36 373.61 468.42 601.72 747.3 883.84 910.52 836.58 854.66 762.36 651.88 614.18 603.62 722.62 778.24 798.66 907.06 817.64 818.08 739.52 724.54 724.54 891.2 976.74 1053.46 1143.46 1205.02 1268.8 -999.9000 -999.9000 -999.9000 -999.9000
1030.18 1166.12 1271.84 1246.06 1112.64 1048.44 1096.96 1163.88 1144.48 1253.34 1195.6 1268.94 1261.96 1155.1 977.04 940.32 1032.8 1043.64 1020.56 1088.54 1160.52 1103.06 1011.78 916.1 751.82 547.52 405.2 388.1 390.14 390.14 591.86 500.48 415.2 391.24 373.59 430.08 574.9 690.58 800.34 950.98 1027.44 976.22 824.3 799.82 718.06 631.58 735.2 845.72 945.0 1030.1 981.3 889.82 824.62 895.02 826.8 817.44 906.36 1014.56 1082.2 1229.08 -999.9000 -999.9000 -999.9000 -999.9000 -999.9000
1204.62 1248.52 1378.56 1392.26 1299.72 1237.58 1299.04 1309.42 1301.32 1374.46 1335.94 1296.56 1186.56 1071.82 953.4 816.8 881.32 874.42 860.82 940.8 1102.08 1130.56 990.26 853.98 689.02 570.76 422.04 388.1 483.68 557.54 672.52 624.7 540.4 405.58 369.22 460.32 595.88 738.1 874.6 947.3 1020.04 1059.12 970.58 909.54 764.08 736.2 831.24 952.94 1001.56 1108.38 1082.54 948.98 915.06 991.66 1030.14 990.08 994.46 1103.86 1164.86 1248.4 -999.9000 -999.9000 -999.9000 -999.9000 -999.9000
1350.16 1417.32 1476.12 1462.14 1425.94 1414.92 1447.08 1452.4 1474.96 1408.32 1275.92 1171.12 1090.84 951.36 848.36 728.7 721.18 718.26 828.82 926.3 967.04 1046.52 892.92 734.36 619.52 494.7 361.04 419.98 586.0 591.8 520.46 516.04 597.82 464.02 369.02 488.22 592.24 716.14 805.54 790.98 899.66 869.78 899.38 952.28 906.4 876.24 851.62 969.28 1103.8 1183.26 1133.12 1008.22 1036.28 1096.76 1154.48 1119.9 1137.46 1175.9 1255.04 -999.9000 -999.9000 -999.9000 -999.9000 -999.9000 -999.9000
1418.08 1436.68 1402.72 1287.28 1234.0 1275.28 1281.42 1301.2 1326.92 1335.44 1316.02 1249.8 1146.3 1015.86 862.24 742.5 706.54 566.28 566.28 694.54 803.06 904.02 825.12 672.92 544.62 406.86 352.1 389.16 509.82 402.54 339.26 376.78 445.56 459.64 369.02 528.52 562.04 574.26 618.36 680.22 723.76 698.88 773.82 899.26 1026.54 1056.0 999.8 969.2 1079.5 1200.14 1227.58 1156.98 1137.22 -999.9000 -999.9000 -999.9000 -999.9000 -999.9000 -999.9000 -999.9000 -999.9000 -999.9000 -999.9000 -999.9000 -999.9000
1305.22 1242.62 1201.66 1182.14 1072.24 1096.54 1135.34 1125.92 1132.34 1235.96 1319.04 1159.46 1040.46 1001.14 906.42 830.92 717.18 623.66 623.08 542.44 653.02 806.06 885.28 740.04 595.22 420.48 351.19 351.2 439.86 335.13 349.02 339.26 339.28 339.28 370.94 375.06 364.88 442.98 510.64 558.1 626.2 690.5 800.86 918.5 1028.02 1132.8 1146.48 1119.6 1153.64 1214.94 1305.55 -999.9000 -999.9000 -999.9000 -999.9000 -999.9000 -999.9000 -999.9000 -999.9000 -999.9000 -999.9000 -999.9000 -999.9000 -999.9000 -999.9000
1197.48 1082.22 1007.0 1036.46 947.76 957.78 986.44 976.94 1113.92 1284.02 1298.78 1165.2 1017.78 883.56 818.52 783.4 801.36 780.0 720.46 542.44 583.16 732.88 732.14 750.5 645.82 461.02 351.18 397.88 438.08 390.2 335.13 366.68 436.0 349.68 442.02 467.18 375.06 358.69 455.64 541.4 656.4 789.86 870.88 972.6 1062.82 1141.68 1217.82 1264.32 1305.3 1305.5 -999.9000 -999.9000 -999.9000 -999.9000 -999.9000 -999.9000 -999.9000 -999.9000 -999.9000 -999.9000 -999.9000 -999.9000 -999.9000 -999.9000 -999.9000
1170.08 1042.94 923.52 843.06 877.84 805.0 835.4 977.42 1126.48 1155.26 1216.38 1203.88 1047.74 969.42 911.48 944.8 967.8 898.06 754.5 595.98 519.72 559.16 525.64 618.44 670.12 539.42 399.7 351.17 338.32 338.32 335.13 361.52 414.44 355.36 355.37 394.6 398.88 358.67 413.6 553.54 686.9 787.2 915.04 952.48 1047.24 1114.08 1170.7 1270.16 1337.9 -999.9000 -999.9000 -999.9000 -999.9000 -999.9000 -999.9000 -999.9000 -999.9000 -999.9000 -999.9000 -999.9000 -999.9000 -999.9000 -999.9000 -999.9000 -999.9000
1229.48 1155.62 992.34 838.04 750.44 725.72 862.88 969.12 978.32 966.2 1106.92 1217.88 1185.58 1104.66 1032.96 1086.96 960.8 801.06 657.12 575.44 514.4 502.72 445.78 488.62 487.08 488.54 489.22 426.94 377.26 348.42 335.12 469.12 416.46 355.37 397.98 355.37 355.38 355.39 358.66 518.0 607.04 685.06 809.32 898.08 1002.66 1042.84 1141.14 1213.3 1290.36 -999.9000 -999.9000 -999.9000 -999.9000 -999.9000 -999.9000 -999.9000 -999.9000 -999.9000 -999.9000 -999.9000 -999.9000 -999.9000 -999.9000 -999.9000 -999.9000
1036.42 1101.54 1036.38 904.94 805.22 656.62 754.48 781.26 834.86 966.26 1011.54 1111.84 1205.68 1205.28 1188.52 1088.64 933.78 811.36 772.96 697.4 646.98 647.2 557.98 445.78 445.78 432.72 401.01 400.99 461.96 406.52 335.11 505.52 564.64 526.02 580.62 492.78 408.8 413.2 487.04 521.36 567.52 606.72 745.82 851.5 915.04 979.84 1096.18 1181.5 1282.725 -999.9000 -999.9000 -999.9000 -999.9000 -999.9000 -999.9000 -999.9000 -999.9000 -999.9000 -999.9000 -999.9000 -999.9000 -999.9000 -999.9000 -999.9000 -999.9000
875.16 928.88 878.74 929.9 826.18 674.9 579.94 677.46 827.32 835.94 940.04 1070.08 1052.46 1136.96 1192.94 1077.62 960.74 959.98 886.0 810.64 781.14 783.08 725.68 629.3 624.44 590.28 562.28 523.0 424.86 349.92 325.42 451.6 594.26 659.46 714.96 647.88 601.62 623.52 622.66 683.62 694.28 707.0 706.88 784.56 874.42 955.06 1030.7 1138.7 1252.46 -999.9000 -999.9000 -999.9000 -999.9000 -999.9000 -999.9000 -999.9000 -999.9000 -999.9000 -999.9000 -999.9000 -999.9000 -999.9000 -999.9000 -999.9000 -999.9000
751.62 734.16 782.28 872.42 779.32 668.48 541.42 589.08 693.92 791.9 939.2 1039.94 959.04 982.58 1085.64 1131.96 1114.1 1074.36 1031.5 960.68 954.34 918.04 810.42 743.14 670.56 614.14 576.48 487.52 358.16 325.3 325.4 377.08 427.5 572.26 647.4 623.5 687.64 758.08 756.66 687.96 725.62 811.02 844.28 875.48 912.9 1027.58 1091.9 1155.46 1242.06 -999.9000 -999.9000 -999.9000 -999.9000 -999.9000 -999.9000 -999.9000 -999.9000 -999.9000 -999.9000 -999.9000 -999.9000 -999.9000 -999.9000 -999.9000 -999.9000
609.06 589.22 639.72 691.58 662.8 570.04 490.92 615.92 729.06 805.64 901.74 1009.7 952.98 872.86 964.08 954.68 936.58 935.34 914.4 885.24 882.06 873.5 859.06 738.06 645.3 550.68 517.62 491.54 367.34 313.83 313.82 316.32 342.92 526.96 546.9 557.12 594.58 676.32 681.96 645.3 706.04 752.6 823.3 917.18 992.1 1008.98 1070.56 1152.88 1171.56 1218.72 -999.9000 -999.9000 -999.9000 -999.9000 -999.9000 -999.9000 -999.9000 -999.9000 -999.9000 -999.9000 -999.9000 -999.9000 -999.9000 -999.9000 -999.9000
619.98 570.22 539.54 536.94 489.24 488.42 453.86 586.22 701.98 786.18 911.06 1022.3 1001.48 895.76 829.06 791.22 755.4 766.14 794.96 713.48 698.1 699.74 752.54 702.78 605.9 539.66 521.18 459.22 427.94 396.2 326.82 313.81 437.58 574.2 563.74 488.22 628.96 604.66 611.94 660.46 717.5 803.7 867.12 934.56 1015.34 1084.22 1070.9 1044.42 1037.54 1094.0 -999.9000 -999.9000 -999.9000 -999.9000 -999.9000 -999.9000 -999.9000 -999.9000 -999.9000 -999.9000 -999.9000 -999.9000 -999.9000 -999.9000 -999.9000
